1, 1.0452, 8.0523, 0.8777, 9.6142
2, 0.8374, 10.0859, 0.8000, 10.5336
3, 0.7776, 10.7821, 0.7605, 10.9303
4, 0.7469, 11.1378, 0.7382, 11.2671
5, 0.7255, 11.4003, 0.7193, 11.4920
6, 0.7082, 11.6050, 0.7019, 11.6951
7, 0.6935, 11.7731, 0.6894, 11.8158
8, 0.6812, 11.9265, 0.6777, 11.9714
9, 0.6704, 12.0613, 0.6705, 12.0786
10, 0.6605, 12.1838, 0.6612, 12.2079
11, 0.6518, 12.2913, 0.6518, 12.2777
12, 0.6438, 12.3888, 0.6442, 12.3952
13, 0.6367, 12.4734, 0.6393, 12.4442
14, 0.6301, 12.5511, 0.6325, 12.5294
15, 0.6244, 12.6246, 0.6265, 12.6017
16, 0.6191, 12.6862, 0.6235, 12.6300
17, 0.6143, 12.7479, 0.6216, 12.6622
18, 0.6098, 12.7977, 0.6138, 12.7610
19, 0.6057, 12.8503, 0.6127, 12.7680
20, 0.6018, 12.8986, 0.6071, 12.8542
21, 0.5983, 12.9449, 0.6028, 12.9349
22, 0.5950, 12.9894, 0.6018, 12.9404
23, 0.5916, 13.0311, 0.6009, 12.9132
24, 0.5884, 13.0691, 0.5997, 12.9347
25, 0.5857, 13.0990, 0.5919, 13.0414
26, 0.5829, 13.1368, 0.5935, 13.0289
27, 0.5804, 13.1666, 0.5849, 13.1529
28, 0.5780, 13.1988, 0.5938, 13.0384
29, 0.5756, 13.2225, 0.5865, 13.0980
30, 0.5734, 13.2530, 0.5837, 13.1619
31, 0.5712, 13.2767, 0.5810, 13.1813
32, 0.5692, 13.3064, 0.5785, 13.2259
33, 0.5673, 13.3283, 0.5746, 13.2753
34, 0.5653, 13.3512, 0.5749, 13.2602
35, 0.5634, 13.3734, 0.5719, 13.2973
36, 0.5617, 13.3948, 0.5713, 13.3096
37, 0.5600, 13.4164, 0.5700, 13.3355
38, 0.5582, 13.4391, 0.5697, 13.3268
39, 0.5568, 13.4610, 0.5681, 13.3335
40, 0.5551, 13.4777, 0.5666, 13.3669
41, 0.5538, 13.4961, 0.5650, 13.3770
42, 0.5522, 13.5139, 0.5639, 13.4083
43, 0.5508, 13.5333, 0.5640, 13.4067
44, 0.5493, 13.5462, 0.5603, 13.4412
45, 0.5478, 13.5666, 0.5576, 13.4853
46, 0.5467, 13.5793, 0.5595, 13.4610
47, 0.5452, 13.5991, 0.5583, 13.4783
48, 0.5440, 13.6130, 0.5558, 13.5116
49, 0.5428, 13.6253, 0.5611, 13.4538
50, 0.5415, 13.6428, 0.5543, 13.5326
51, 0.5403, 13.6599, 0.5541, 13.5204
52, 0.5391, 13.6737, 0.5521, 13.5454
53, 0.5381, 13.6872, 0.5528, 13.5410
54, 0.5368, 13.6967, 0.5489, 13.6185
55, 0.5357, 13.7174, 0.5490, 13.6021
56, 0.5346, 13.7296, 0.5492, 13.5996
57, 0.5336, 13.7411, 0.5484, 13.6076
58, 0.5325, 13.7541, 0.5497, 13.5967
59, 0.5315, 13.7657, 0.5445, 13.6674
60, 0.5304, 13.7817, 0.5437, 13.6659
61, 0.5293, 13.7907, 0.5455, 13.6670
62, 0.5284, 13.8050, 0.5612, 13.4735
63, 0.5275, 13.8165, 0.5427, 13.6971
64, 0.5265, 13.8310, 0.5426, 13.6893
65, 0.5255, 13.8457, 0.5422, 13.6912
66, 0.5246, 13.8552, 0.5429, 13.6920
67, 0.5238, 13.8648, 0.5408, 13.7246
68, 0.5230, 13.8773, 0.5409, 13.7193
69, 0.5220, 13.8894, 0.5430, 13.6852
70, 0.5209, 13.9036, 0.5373, 13.7616
71, 0.5202, 13.9139, 0.5418, 13.7069
72, 0.5193, 13.9245, 0.5374, 13.7661
73, 0.5186, 13.9332, 0.5354, 13.8014
74, 0.5176, 13.9461, 0.5344, 13.8062
75, 0.5168, 13.9554, 0.5325, 13.8088
76, 0.5159, 13.9666, 0.5349, 13.7946
77, 0.5151, 13.9780, 0.5355, 13.7823
78, 0.5144, 13.9870, 0.5357, 13.7961
79, 0.5134, 13.9989, 0.5308, 13.8575
80, 0.5126, 14.0086, 0.5310, 13.8630
81, 0.5117, 14.0206, 0.5309, 13.8544
82, 0.5109, 14.0342, 0.5302, 13.8748
83, 0.5104, 14.0405, 0.5286, 13.8967
84, 0.5097, 14.0472, 0.5310, 13.8632
85, 0.5088, 14.0595, 0.5281, 13.8993
86, 0.5078, 14.0726, 0.5271, 13.9190
87, 0.5071, 14.0815, 0.5295, 13.8797
88, 0.5064, 14.0875, 0.5350, 13.8082
89, 0.5058, 14.0933, 0.5244, 13.9521
90, 0.5050, 14.1003, 0.5244, 13.9377
91, 0.5044, 14.1136, 0.5239, 13.9448
92, 0.5035, 14.1242, 0.5264, 13.9183
93, 0.5030, 14.1279, 0.5229, 13.9636
94, 0.5023, 14.1372, 0.5266, 13.9100
95, 0.5017, 14.1452, 0.5258, 13.9458
96, 0.5009, 14.1540, 0.5209, 14.0027
97, 0.5004, 14.1604, 0.5201, 13.9940
98, 0.4996, 14.1664, 0.5216, 13.9942
99, 0.4990, 14.1762, 0.5223, 13.9736
100, 0.4983, 14.1851, 0.5190, 14.0132
101, 0.4979, 14.1881, 0.5216, 13.9932
102, 0.4973, 14.1959, 0.5292, 13.8759
103, 0.4967, 14.2024, 0.5248, 13.9493
104, 0.4962, 14.2105, 0.5204, 14.0009
105, 0.4954, 14.2197, 0.5170, 14.0487
106, 0.4950, 14.2203, 0.5178, 14.0359
107, 0.4943, 14.2299, 0.5171, 14.0397
108, 0.4938, 14.2386, 0.5206, 13.9999
109, 0.4932, 14.2449, 0.5206, 13.9928
110, 0.4925, 14.2523, 0.5141, 14.0835
111, 0.4920, 14.2590, 0.5226, 13.9821
112, 0.4914, 14.2688, 0.5182, 14.0183
113, 0.4908, 14.2722, 0.5157, 14.0628
114, 0.4904, 14.2806, 0.5197, 14.0132
115, 0.4899, 14.2867, 0.5161, 14.0542
116, 0.4892, 14.2947, 0.5164, 14.0579
117, 0.4888, 14.2983, 0.5192, 14.0392
118, 0.4884, 14.3019, 0.5216, 14.0018
119, 0.4877, 14.3148, 0.5157, 14.0549
120, 0.4874, 14.3141, 0.5160, 14.0713
121, 0.4868, 14.3225, 0.5124, 14.1151
122, 0.4864, 14.3258, 0.5129, 14.1099
123, 0.4857, 14.3381, 0.5115, 14.1318
124, 0.4855, 14.3393, 0.5143, 14.1009
125, 0.4848, 14.3484, 0.5089, 14.1628
126, 0.4845, 14.3534, 0.5118, 14.1336
127, 0.4840, 14.3598, 0.5139, 14.0967
128, 0.4835, 14.3652, 0.5112, 14.1400
129, 0.4832, 14.3686, 0.5103, 14.1531
130, 0.4826, 14.3746, 0.5103, 14.1531
131, 0.4823, 14.3800, 0.5104, 14.1542
132, 0.4818, 14.3860, 0.5086, 14.1797
133, 0.4813, 14.3911, 0.5095, 14.1639
134, 0.4809, 14.3984, 0.5054, 14.2093
135, 0.4805, 14.4051, 0.5083, 14.1735
136, 0.4803, 14.4043, 0.5079, 14.1879
137, 0.4797, 14.4114, 0.5082, 14.1869
138, 0.4792, 14.4171, 0.5066, 14.2092
139, 0.4790, 14.4223, 0.5122, 14.1262
140, 0.4787, 14.4276, 0.5057, 14.2200
141, 0.4780, 14.4340, 0.5087, 14.1750
142, 0.4778, 14.4368, 0.5048, 14.2333
143, 0.4776, 14.4392, 0.5059, 14.2127
144, 0.4771, 14.4473, 0.5079, 14.1937
145, 0.4763, 14.4574, 0.5022, 14.2586
146, 0.4761, 14.4577, 0.5063, 14.1980
147, 0.4757, 14.4652, 0.5067, 14.2009
148, 0.4752, 14.4718, 0.5053, 14.2170
149, 0.4751, 14.4700, 0.5036, 14.2502
150, 0.4746, 14.4788, 0.5066, 14.2035
151, 0.4741, 14.4855, 0.5029, 14.2599
152, 0.4739, 14.4889, 0.5050, 14.2333
153, 0.4733, 14.4988, 0.5094, 14.1783
154, 0.4731, 14.5018, 0.5032, 14.2641
155, 0.4728, 14.5050, 0.5018, 14.2876
156, 0.4723, 14.5081, 0.5071, 14.2137
157, 0.4718, 14.5127, 0.5028, 14.2784
158, 0.4718, 14.5166, 0.5012, 14.2889
159, 0.4712, 14.5218, 0.5024, 14.2660
160, 0.4709, 14.5259, 0.5009, 14.3019
161, 0.4706, 14.5277, 0.5129, 14.1593
162, 0.4702, 14.5377, 0.5028, 14.2840
163, 0.4698, 14.5446, 0.5008, 14.3017
164, 0.4695, 14.5440, 0.4996, 14.3081
165, 0.4692, 14.5531, 0.5020, 14.2956
166, 0.4688, 14.5558, 0.5011, 14.2917
167, 0.4687, 14.5559, 0.5006, 14.3094
168, 0.4681, 14.5621, 0.5035, 14.2622
169, 0.4679, 14.5662, 0.5014, 14.2976
170, 0.4674, 14.5721, 0.4988, 14.3193
171, 0.4672, 14.5752, 0.5030, 14.2750
172, 0.4668, 14.5790, 0.5076, 14.2147
173, 0.4665, 14.5806, 0.5020, 14.2984
174, 0.4662, 14.5867, 0.4967, 14.3510
175, 0.4657, 14.5930, 0.5028, 14.2731
176, 0.4656, 14.5929, 0.4979, 14.3540
177, 0.4654, 14.5968, 0.4979, 14.3350
178, 0.4649, 14.6017, 0.5071, 14.2172
179, 0.4645, 14.6089, 0.5018, 14.2959
180, 0.4644, 14.6106, 0.5055, 14.2624
181, 0.4639, 14.6166, 0.5052, 14.2552
182, 0.4636, 14.6185, 0.4976, 14.3602
183, 0.4634, 14.6212, 0.4990, 14.3354
184, 0.4631, 14.6280, 0.4988, 14.3402
185, 0.4629, 14.6280, 0.5003, 14.3130
186, 0.4627, 14.6263, 0.4967, 14.3597
187, 0.4622, 14.6376, 0.5046, 14.2705
188, 0.4619, 14.6395, 0.5010, 14.3200
189, 0.4618, 14.6396, 0.4978, 14.3605
190, 0.4614, 14.6470, 0.5013, 14.3102
191, 0.4610, 14.6525, 0.4977, 14.3734
192, 0.4608, 14.6544, 0.4998, 14.3198
193, 0.4604, 14.6592, 0.4955, 14.3820
194, 0.4601, 14.6608, 0.4979, 14.3652
195, 0.4599, 14.6680, 0.4979, 14.3521
196, 0.4596, 14.6681, 0.4959, 14.3751
197, 0.4593, 14.6739, 0.4922, 14.4292
198, 0.4592, 14.6741, 0.4996, 14.3438
199, 0.4588, 14.6779, 0.4952, 14.4023
200, 0.4587, 14.6804, 0.4955, 14.3969
201, 0.4583, 14.6829, 0.4960, 14.3934
202, 0.4579, 14.6873, 0.5008, 14.3379
203, 0.4579, 14.6885, 0.4989, 14.3560
204, 0.4576, 14.6917, 0.4948, 14.3997
205, 0.4573, 14.6983, 0.4935, 14.4266
206, 0.4568, 14.7047, 0.4984, 14.3624
207, 0.4569, 14.6999, 0.4948, 14.4019
208, 0.4565, 14.7084, 0.4935, 14.4205
209, 0.4562, 14.7087, 0.4908, 14.4647
210, 0.4559, 14.7151, 0.4994, 14.3674
211, 0.4557, 14.7182, 0.4958, 14.3994
212, 0.4554, 14.7198, 0.4978, 14.3887
213, 0.4550, 14.7263, 0.4930, 14.4430
214, 0.4551, 14.7241, 0.4929, 14.4408
215, 0.4547, 14.7300, 0.4948, 14.4201
216, 0.4544, 14.7337, 0.4929, 14.4435
217, 0.4540, 14.7411, 0.4917, 14.4478
218, 0.4539, 14.7359, 0.4984, 14.3725
219, 0.4536, 14.7431, 0.4926, 14.4381
220, 0.4535, 14.7474, 0.4903, 14.4771
221, 0.4533, 14.7480, 0.4897, 14.4835
222, 0.4529, 14.7517, 0.4927, 14.4327
223, 0.4528, 14.7543, 0.4949, 14.4167
224, 0.4527, 14.7532, 0.4929, 14.4497
225, 0.4522, 14.7608, 0.4971, 14.4025
226, 0.4519, 14.7635, 0.4898, 14.4734
227, 0.4515, 14.7728, 0.4918, 14.4683
228, 0.4517, 14.7661, 0.4906, 14.4681
229, 0.4513, 14.7729, 0.4948, 14.4242
230, 0.4510, 14.7753, 0.4904, 14.4807
231, 0.4509, 14.7760, 0.4899, 14.4844
232, 0.4505, 14.7819, 0.4925, 14.4605
233, 0.4504, 14.7815, 0.4960, 14.4329
234, 0.4501, 14.7847, 0.4891, 14.4951
235, 0.4499, 14.7890, 0.4941, 14.4401
236, 0.4496, 14.7949, 0.4985, 14.3888
237, 0.4495, 14.7965, 0.4918, 14.4725
238, 0.4495, 14.7920, 0.4946, 14.4420
239, 0.4489, 14.8032, 0.4903, 14.4918
240, 0.4487, 14.8026, 0.4887, 14.5078
241, 0.4487, 14.8070, 0.4907, 14.4793
242, 0.4484, 14.8067, 0.4939, 14.4443
243, 0.4483, 14.8091, 0.4962, 14.4226
244, 0.4479, 14.8135, 0.4919, 14.4710
245, 0.4478, 14.8144, 0.4903, 14.4804
246, 0.4477, 14.8153, 0.4933, 14.4629
247, 0.4474, 14.8185, 0.4920, 14.4787
248, 0.4472, 14.8216, 0.4924, 14.4679
249, 0.4468, 14.8259, 0.4953, 14.4530
250, 0.4468, 14.8282, 0.4918, 14.4662
251, 0.4467, 14.8293, 0.4934, 14.4689
252, 0.4462, 14.8322, 0.4908, 14.4868
253, 0.4461, 14.8359, 0.4961, 14.4161
254, 0.4460, 14.8359, 0.4923, 14.4731
255, 0.4457, 14.8405, 0.4915, 14.4934
256, 0.4455, 14.8391, 0.4930, 14.4597
257, 0.4452, 14.8442, 0.4891, 14.5052
258, 0.4451, 14.8442, 0.4890, 14.5163
259, 0.4450, 14.8475, 0.4904, 14.4898
260, 0.4449, 14.8524, 0.4898, 14.5176
261, 0.4444, 14.8530, 0.4872, 14.5362
262, 0.4444, 14.8554, 0.4916, 14.4893
263, 0.4442, 14.8579, 0.4882, 14.5238
264, 0.4440, 14.8601, 0.4911, 14.5022
265, 0.4438, 14.8622, 0.4904, 14.5055
266, 0.4436, 14.8639, 0.4868, 14.5497
267, 0.4435, 14.8628, 0.4918, 14.5048
268, 0.4432, 14.8691, 0.4876, 14.5383
269, 0.4431, 14.8703, 0.4890, 14.5194
270, 0.4429, 14.8727, 0.4894, 14.5071
271, 0.4426, 14.8761, 0.4916, 14.4906
272, 0.4425, 14.8781, 0.4915, 14.5088
273, 0.4421, 14.8824, 0.4895, 14.5178
274, 0.4420, 14.8842, 0.4865, 14.5604
275, 0.4418, 14.8866, 0.4867, 14.5487
276, 0.4417, 14.8839, 0.4886, 14.5272
277, 0.4414, 14.8891, 0.4894, 14.5286
278, 0.4412, 14.8914, 0.4865, 14.5580
279, 0.4411, 14.8927, 0.4874, 14.5471
280, 0.4410, 14.8963, 0.4865, 14.5609
281, 0.4407, 14.8985, 0.4922, 14.4955
282, 0.4405, 14.9011, 0.4882, 14.5328
283, 0.4405, 14.8996, 0.4894, 14.5323
284, 0.4402, 14.9043, 0.4850, 14.5782
285, 0.4402, 14.9040, 0.4870, 14.5570
286, 0.4397, 14.9112, 0.4877, 14.5410
287, 0.4397, 14.9108, 0.4895, 14.5331
288, 0.4396, 14.9078, 0.4850, 14.5837
289, 0.4394, 14.9109, 0.4896, 14.5374
290, 0.4392, 14.9175, 0.4872, 14.5635
291, 0.4390, 14.9177, 0.4890, 14.5452
292, 0.4391, 14.9186, 0.4893, 14.5222
293, 0.4387, 14.9209, 0.4878, 14.5588
294, 0.4387, 14.9243, 0.4863, 14.5627
295, 0.4385, 14.9256, 0.4886, 14.5371
296, 0.4382, 14.9263, 0.4921, 14.5047
297, 0.4381, 14.9289, 0.4894, 14.5330
298, 0.4377, 14.9348, 0.4837, 14.6100
299, 0.4378, 14.9335, 0.4862, 14.5807
300, 0.4373, 14.9380, 0.4906, 14.5260
301, 0.4372, 14.9384, 0.4856, 14.5825
302, 0.4373, 14.9379, 0.4898, 14.5369
303, 0.4371, 14.9401, 0.4859, 14.5899
304, 0.4367, 14.9446, 0.4866, 14.5822
305, 0.4369, 14.9434, 0.4879, 14.5536
306, 0.4365, 14.9480, 0.4879, 14.5502
307, 0.4365, 14.9477, 0.4866, 14.5679
308, 0.4363, 14.9496, 0.4866, 14.5761
309, 0.4361, 14.9531, 0.4877, 14.5684
310, 0.4360, 14.9505, 0.4906, 14.5207
311, 0.4359, 14.9563, 0.4900, 14.5343
312, 0.4357, 14.9542, 0.4843, 14.6056
313, 0.4353, 14.9619, 0.4865, 14.5855
314, 0.4354, 14.9593, 0.4888, 14.5577
315, 0.4354, 14.9586, 0.4885, 14.5582
316, 0.4350, 14.9647, 0.4904, 14.5408
317, 0.4349, 14.9655, 0.4861, 14.5685
318, 0.4346, 14.9687, 0.4917, 14.5229
319, 0.4347, 14.9681, 0.4865, 14.5858
320, 0.4343, 14.9740, 0.4835, 14.6211
321, 0.4343, 14.9731, 0.4898, 14.5517
322, 0.4340, 14.9752, 0.4890, 14.5566
323, 0.4341, 14.9739, 0.4932, 14.5135
324, 0.4337, 14.9811, 0.4898, 14.5480
325, 0.4336, 14.9788, 0.4890, 14.5576
326, 0.4337, 14.9768, 0.4881, 14.5534
327, 0.4332, 14.9875, 0.4855, 14.5964
328, 0.4332, 14.9861, 0.4943, 14.4976
329, 0.4332, 14.9872, 0.4842, 14.6206
330, 0.4330, 14.9872, 0.4846, 14.6129
331, 0.4328, 14.9884, 0.4877, 14.5711
332, 0.4327, 14.9935, 0.4873, 14.5886
333, 0.4325, 14.9961, 0.4877, 14.5844
334, 0.4325, 14.9963, 0.4848, 14.6165
335, 0.4322, 14.9991, 0.4866, 14.5873
336, 0.4321, 14.9972, 0.4848, 14.6239
337, 0.4321, 14.9998, 0.4889, 14.5650
338, 0.4318, 15.0013, 0.4981, 14.4873
339, 0.4316, 15.0026, 0.4882, 14.5777
340, 0.4316, 15.0039, 0.4846, 14.6185
341, 0.4314, 15.0040, 0.4859, 14.6094
342, 0.4312, 15.0075, 0.4870, 14.5939
343, 0.4313, 15.0055, 0.4881, 14.5900
344, 0.4310, 15.0122, 0.4878, 14.5836
345, 0.4308, 15.0130, 0.4851, 14.6108
346, 0.4308, 15.0154, 0.4823, 14.6546
347, 0.4306, 15.0191, 0.4863, 14.6121
348, 0.4306, 15.0164, 0.4894, 14.5748
349, 0.4305, 15.0170, 0.4883, 14.5918
350, 0.4302, 15.0221, 0.4888, 14.5820
351, 0.4301, 15.0225, 0.4868, 14.6074
352, 0.4299, 15.0242, 0.4860, 14.6055
353, 0.4297, 15.0253, 0.4909, 14.5489
354, 0.4298, 15.0270, 0.4868, 14.6080
355, 0.4295, 15.0277, 0.4898, 14.5811
356, 0.4293, 15.0324, 0.4901, 14.5772
357, 0.4294, 15.0301, 0.4945, 14.5330
358, 0.4292, 15.0345, 0.4861, 14.6184
359, 0.4290, 15.0352, 0.4849, 14.6301
360, 0.4290, 15.0327, 0.4874, 14.6044
361, 0.4288, 15.0382, 0.4904, 14.5650
362, 0.4287, 15.0413, 0.4831, 14.6484
363, 0.4285, 15.0408, 0.4876, 14.6015
364, 0.4283, 15.0438, 0.4834, 14.6503
365, 0.4282, 15.0450, 0.4840, 14.6423
366, 0.4281, 15.0442, 0.4823, 14.6635
367, 0.4280, 15.0470, 0.4916, 14.5662
368, 0.4280, 15.0476, 0.4973, 14.4848
369, 0.4279, 15.0488, 0.4842, 14.6407
370, 0.4277, 15.0509, 0.4848, 14.6406
371, 0.4275, 15.0526, 0.4844, 14.6403
372, 0.4273, 15.0544, 0.4826, 14.6666
373, 0.4273, 15.0525, 0.4870, 14.6126
374, 0.4272, 15.0547, 0.4868, 14.6290
375, 0.4271, 15.0556, 0.4863, 14.6238
376, 0.4269, 15.0570, 0.4886, 14.5950
377, 0.4267, 15.0598, 0.4899, 14.5794
378, 0.4267, 15.0626, 0.4864, 14.6131
379, 0.4266, 15.0640, 0.4870, 14.6044
380, 0.4264, 15.0649, 0.4848, 14.6282
381, 0.4264, 15.0669, 0.4886, 14.6053
382, 0.4261, 15.0692, 0.4882, 14.6022
383, 0.4262, 15.0680, 0.4820, 14.6756
384, 0.4259, 15.0680, 0.4843, 14.6565
385, 0.4257, 15.0714, 0.4841, 14.6506
386, 0.4258, 15.0706, 0.4858, 14.6313
387, 0.4257, 15.0715, 0.4836, 14.6613
388, 0.4255, 15.0759, 0.4838, 14.6463
389, 0.4253, 15.0799, 0.4856, 14.6358
390, 0.4253, 15.0746, 0.4892, 14.5966
391, 0.4252, 15.0771, 0.4850, 14.6461
392, 0.4250, 15.0822, 0.4816, 14.6851
393, 0.4249, 15.0845, 0.4876, 14.6190
394, 0.4249, 15.0835, 0.4824, 14.6812
395, 0.4247, 15.0810, 0.4901, 14.5940
396, 0.4246, 15.0850, 0.4866, 14.6221
397, 0.4245, 15.0887, 0.4848, 14.6519
398, 0.4246, 15.0852, 0.4856, 14.6515
399, 0.4244, 15.0897, 0.4835, 14.6667
400, 0.4241, 15.0893, 0.4842, 14.6628
401, 0.4242, 15.0906, 0.4921, 14.5803
402, 0.4240, 15.0931, 0.4849, 14.6404
403, 0.4239, 15.0931, 0.4844, 14.6568
404, 0.4236, 15.0970, 0.4889, 14.6155
405, 0.4237, 15.0982, 0.4831, 14.6638
406, 0.4235, 15.0978, 0.4815, 14.6908
407, 0.4235, 15.0980, 0.4853, 14.6552
408, 0.4232, 15.1006, 0.4861, 14.6374
409, 0.4236, 15.0960, 0.4884, 14.6265
410, 0.4230, 15.1023, 0.4851, 14.6732
411, 0.4230, 15.1023, 0.4858, 14.6465
412, 0.4228, 15.1072, 0.4827, 14.6817
413, 0.4227, 15.1067, 0.4841, 14.6665
414, 0.4228, 15.1062, 0.4879, 14.6319
415, 0.4227, 15.1056, 0.4882, 14.6278
416, 0.4226, 15.1088, 0.4856, 14.6670
417, 0.4224, 15.1101, 0.4871, 14.6472
418, 0.4222, 15.1120, 0.4829, 14.6892
419, 0.4223, 15.1121, 0.4854, 14.6604
420, 0.4219, 15.1158, 0.4854, 14.6639
421, 0.4222, 15.1115, 0.4850, 14.6610
422, 0.4220, 15.1159, 0.4862, 14.6513
423, 0.4219, 15.1184, 0.4819, 14.7010
424, 0.4217, 15.1188, 0.4861, 14.6580
425, 0.4216, 15.1210, 0.4908, 14.6135
426, 0.4215, 15.1213, 0.4887, 14.6372
427, 0.4213, 15.1253, 0.4832, 14.6835
428, 0.4211, 15.1269, 0.4826, 14.6974
429, 0.4213, 15.1234, 0.4851, 14.6687
430, 0.4210, 15.1279, 0.4882, 14.6521
431, 0.4210, 15.1274, 0.4836, 14.6784
432, 0.4209, 15.1276, 0.4887, 14.6255
433, 0.4210, 15.1268, 0.4878, 14.6406
 